000
001
003
006
009

010
011

012
013
016
019
022

024
026
028
032
035
038
041
044
046
049
051
055
058
101
104
105
107
109
112
114
116
118
122
124
127
130
133
136
138
139
141
144
145
149
150
152
155
158
202
205
208

209
209
211
212
215
218

220 
221
225
228
231

233
233

235
237
240
242
243
245
249
253
254

255
256
258
301
303
306
309
312
314
318
320
323
325
328
330
333
336

339
340
343
345
347
348
350
353
355
356
359
400
401
404
407
410
412
415
418
421
423
426
428
431
434
436
439

441
442
445
447
449
452
455
457
459
502
504
508
511
514
516
518
521