002
003
005
007
009
011

012
012
014
016
017
019
022
025
028
032
035

037
038
039
041
042
044
046
047
049
051
052
054
055
057
058
100
102
103
105
107
108
110
111
112
113
115
117
118
119
121
123
124
126
129
129
131
132
134
136
137
139
140

142
142
143
144
145
146
146
147
148
149 
150
152
154
155
156
157
158
158
159
200
201
202
203
204
206
207
209
211
212
213
213
214
216
217
219

220
221
223
224
226
228
229
230
233
235
236
238
240
241
243
245

246
246
247
249
250
252
255
258
302
305
309

311
312
313
314
314
315
316
317
317
319
320
323
324
325
326
327
328
329
329
330
332
332
334
334
337
338
340
341
342
343
344
345
347
349